6400100 378
00100 397
00100 401
00100 414
00100 447
01100 464
01100 466
01100 479
11100 512
11100 531
11100 533
11000 545
11000 578
01000 598
01000 602
01000 612
00100 678
00100 712
00100 732
00100 735
00100 746
00100 779
00100 798
00100 802
00100 813
00100 983
00100 997
00100 999
00100 1015
00100 1048
00100 1064
00100 1066
01000 1245
01000 1264
01000 1268
01000 1278
01000 1312
10000 1646
10000 1664
10000 1668
10000 1679
10000 1712
10000 1732
10000 1735
10000 1746
01000 2178
01000 2198
01000 2201
01000 2212
00100 2597
00100 2601
00100 2612
00100 2647
00100 2664
00100 2672
00100 2680
01100 2713
01100 2733
01100 2734
01000 2748
01000 2782
01000 2798
01000 2800
01000 2815
