738
00100 2231
00100 2263
00100 2281
00100 2282
00100 2295
00100 2328
00100 2347
00100 2349
00100 2362
00100 2462
00100 2481
00100 2486
00100 2495
00100 2528
00100 2548
00100 2551
00100 2562
01000 2628
01000 2663
01000 2682
01000 2685
01000 2696
01000 2729
01000 2748
01000 2752
01000 2882
01000 2886
01000 2898
01000 2933
01000 2950
01000 2951
01000 2966
01000 2999
01000 3015
01000 3016
01000 3032
11000 3066
11000 3082
11000 3084
11000 3099
11000 3132
11000 3148
11000 3151
10000 3166
10000 3198
00100 3966
00100 3999
01100 4015
01100 4017
01100 4033
11100 4066
11100 4082
11100 4083
11000 4097
11000 4130
10000 4148
10000 4150
01000 5929
01100 5948
01100 5951
01100 5964
01000 5997
01000 6199
01000 6215
01000 6216
01100 6230
01100 6262
01100 6281
01100 6283
01100 6295
01000 6863
01000 6882
01000 6886
01000 6897
11100 6930
11100 6948
10100 6954
10100 6965
10000 6999
10000 8262
10000 8281
10000 8285
11000 8295
11100 8328
11100 8347
11100 8350
11100 8362
10100 8395
00100 8414
00100 8418
00100 8429
10000 11414
10000 11418
10000 11428
10000 11461
10000 11481
10000 11485
10000 11495
10000 11529
10000 11548
10000 11552
10000 11563
10000 11596
01000 11663
01000 11682
01000 11686
01000 11696
01000 11730
01000 11748
01000 11752
01000 11763
00100 11815
00100 11819
00100 11830
00100 11863
00100 11882
00100 11886
00100 11896
00100 12329
00100 12348
00100 12351
00100 12363
00100 12482
00100 12485
00100 12497
00100 12529
00100 12547
00100 12550
00100 12562
10000 13461
11000 13482
11000 13483
11000 13495
11100 13528
11100 13547
11100 13552
01100 13562
00100 13595
01000 14663
01000 14682
01000 14686
11000 14697
11100 14730
11100 14748
11100 14752
01100 14763
00100 14796
10000 17148
10000 17152
10000 17163
11100 17197
11100 17215
11100 17218
01100 17229
00100 17263
00010 17730
00010 17749
00010 17753
00010 17763
00010 17797
10000 18283
10000 18287
10000 18295
11000 18329
11100 18348
11100 18351
11100 18362
01100 18395
00100 18414
00100 18417
00100 18429
10000 23395
10000 23414
10000 23418
10000 23428
11100 23461
11100 23481
11100 23485
11100 23495
10000 23528
10000 23547
10000 23552
10000 24015
10000 24018
10000 24029
10000 24062
10000 24082
10000 24085
10000 24096
01000 24163
01000 24197
01000 24215
01000 24218
01000 24230
01000 24264
00100 24730
00100 24749
00100 24753
00100 24762
00100 24796
00100 24816
00100 24819
00100 24829
01000 24948
01000 24952
01000 24963
01000 24997
01000 25015
01000 25019
01000 25030
01000 25063
01000 25082
01000 25085
01000 25097
01000 25130
11000 25149
11000 25154
11000 25163
10000 25196
10000 25215
10000 25218
10000 25595
10000 25614
10000 25618
10000 25628
11000 25663
11000 25682
11000 25687
11000 25697
11000 25730
11000 25748
11000 25752
01000 25763
01000 25797
01100 25815
01100 25820
01100 25830
00100 25863
00100 26066
00100 26082
00100 26084
00100 26099
00100 26132
00100 26148
00100 26150
00100 26282
00100 26285
00100 26295
00100 26328
01100 26348
01100 26352
01100 26362
01100 26395
01100 26414
01100 26418
01100 26428
01000 26461
01000 26481
01000 26485
01000 26495
10000 26529
10000 26548
10000 26552
10000 26562
10000 26682
10000 26685
10000 26696
10000 26729
10000 26749
10000 26753
10000 26763
11000 26796
11000 26815
01000 26820
01000 26829
01000 26863
01000 26882
01000 26886
01000 26896
00100 27197
00100 27215
00100 27222
00100 27230
00100 27263
00100 27347
00100 27349
00100 27365
00100 27397
00100 27528
00100 27548
00100 27550
00100 27863
00100 27882
00100 27885
00100 27896
10000 28029
10000 28062
10000 28082
10000 28086
10000 28096
11000 28129
11000 28148
11000 28152
11000 28162
01000 28196
01000 28215
01000 28219
01000 28347
01000 28352
01000 28363
11000 28396
11000 28414
11100 28419
11100 28430
01100 28464
01000 28481
01000 28483
01000 28497
01000 28597
11000 28615
11000 28617
11000 28631
11100 28666
01100 28682
01100 28684
01000 28699
01000 28949
01000 28953
01000 28964
01000 28996
01100 29015
01100 29019
01100 29030
01100 29063
01100 29082
01100 29087
01100 29097
01100 29130
01100 29149
01100 29152
01100 29164
01100 29197
01100 29215
01100 29217
01100 29230
01100 29262
01100 29281
01100 29284
01100 29295
00100 29328
00100 29348
00100 29350
00010 29548
00010 29552
00010 29562
00010 29595
00010 29615
00010 29618
00010 29628
00110 29663
00110 29682
00110 29686
00110 29696
00010 29729
00010 29748
00010 29752
00010 29763
10000 29898
11000 29930
11000 29948
11000 29956
11000 29964
11100 29997
01100 30015
01100 30023
01100 30031
01100 30064
00100 30083
00100 30085
00110 30100
00110 30132
00010 30148
00010 30150
00010 30165
01000 30362
01100 30395
01100 30414
01100 30417
01100 30428
01110 30462
01110 30481
01110 30484
01110 30495
00110 30528
00110 30547
00110 30551
00010 30562
10000 31528
10000 31548
10000 31551
10000 31562
10000 31595
10000 31614
10000 31618
10000 31628
10000 31663
10000 31682
10000 31685
10000 31696
10000 31729
10000 31748
10000 31752
10000 31765
10000 31799
10000 31815
10000 31817
10000 31833
10000 31866
10000 31882
10000 31883
10000 31899
10000 31932
10000 31948
10000 31950
10000 31963
10000 31996
10000 32016
10000 32019
10000 32030
10000 32063
10000 32083
10000 32086
10000 32096
10000 32130
10000 32149
10000 32153
10000 32163
10000 32196
10000 32215
10000 32219
20000 32228
20000 32262
20000 32281
20000 32285
20000 32295
20000 32328
20000 32348
20000 32351
20000 32362
20000 32395
20000 32415
20000 32419
20000 32428
20000 32462
20000 32481
20000 32485
20000 32495
20000 32528
20000 32548
20000 32551
20000 32562
20000 32595
20000 32614
20000 32619
20000 32632
20000 32665
20000 32682
20000 32685
21000 32698
21000 32731
01000 32749
01000 32757
01000 32764
01000 32798
01000 32815
01000 32824
01100 32831
01100 32865
01100 32883
01100 32885
01100 32898
00100 32933
00100 32948
00100 32950
00100 32965
00100 32997
00100 33598
00100 33616
00100 33617
00100 33631
00100 33665
00100 33682
00100 33684
00100 33698
00100 33730
00100 33749
00100 33751
00100 33763
01100 33796
01100 33815
01000 33819
01000 33830
01000 33863
01000 33883
01000 33886
01000 33896
01000 34063
01000 34082
01000 34085
01000 34096
10000 35529
10000 35548
10000 35552
10000 35562
11000 35595
11000 35615
11000 35619
11000 35630
01000 35663
10000 35730
10000 35750
10000 35752
10000 35763
10000 35796
11000 35816
11000 35819
11000 35831
10000 35898
10000 35931
10000 35949
10000 35952
11000 35966
01000 35997
10000 36063
11000 36083
11000 36085
11000 36097
01000 36130
01000 36149
01000 36152
10000 36196
10000 36215
10000 36218
11000 36230
11000 36262
01000 36281
01000 36283
01000 36296
10000 36349
10000 36352
10000 36362
11000 36395
11100 36415
11100 36418
11100 36428
00100 36462
10000 36531
11000 36548
11000 36551
01000 36562
10000 36663
11000 36683
11000 36686
01000 36696
10000 36755
10000 36763
11000 36796
11000 36816
01000 36820
01000 36829
11000 36930
11000 36949
01000 36954
01000 36963
11000 37063
01000 37082
01000 37087
01000 37096
10000 37196
10000 37215
10000 37218
10000 37230
01000 37264
01000 37281
01000 37289
10000 37348
10000 37356
10000 37363
11000 37398
11000 37416
11100 37417
11100 37430
01100 37462
00100 37482
00100 37485
00100 37495
10000 37528
10000 37550
10000 37554
10000 37629
10000 37663
11000 37684
11000 37687
11000 37696
10000 37751
10000 37754
10000 37764
01000 37817
01000 37820
01000 37830
01100 37863
01000 37884
01000 37887
10000 37929
11000 37951
11000 37954
11000 37963
11000 38063
11000 38084
11000 38087
01000 38096
10000 38156
10000 38163
11000 38196
01000 38216
01000 38220
10000 38283
10000 38287
10000 38297
00100 38350
00100 38351
10000 38416
10000 38419
10000 38431
10000 38528
10000 38549
10000 38552
10000 38562
01000 38595
01000 38616
01000 38619
10000 38684
10000 38688
10000 38697
11000 38729
11000 38751
01000 38754
01000 38763
01100 38796
01000 38817
01000 38821
01000 38830
10000 38864
10000 38884
10000 38888
01000 38930
10000 38996
10000 39018
10000 39021
01000 39063
01000 39084
01000 39086
10000 39130
10000 39150
10000 39153
10000 39163
01000 39196
01000 39216
01000 39218
10000 39262
10000 39283
10000 39286
10000 39295
11000 39329
11100 39349
11100 39353
01100 39362
01000 39395
10000 39462
11000 39483
11000 39485
11000 39495
01100 39529
01100 39549
01100 39553
00100 39563
10000 39616
10000 39618
10000 39631
01000 39683
01000 39685
01100 39697
00100 39730
10000 39796
11000 39818
11000 39820
01000 39829
10000 39884
10000 39888
10000 39896
01000 39951
01000 39954
01000 39963
10000 40017
10000 40022
10000 40029
10000 40129
10000 40150
11000 40156
11000 40163
01000 40196
01000 40215
10000 40262
10000 40283
10000 40285
11000 40297
01000 40329
10000 40395
10000 40416
10000 40419
00100 40462
10000 40529
11000 40548
11000 40551
11000 40562
01000 40595
10000 40663
10000 40684
10000 40686
10000 40696
11000 40729
11100 40749
11100 40752
11100 40763
00100 40796
00100 40816
10000 40863
01000 40931
