100
01000 975
10000 1108
10000 1642
01000 1710
00010 1894
00001 2161
00001 2475
01000 2527
00001 2827
10000 3061
00001 3093
00001 3276
00001 3476
10000 3593
00001 3679
00001 3827
10000 3943
00001 4227
01000 4378
00010 4661
00100 4693
00010 5028
10000 5112
01001 5296
00010 5495
00100 5578
01000 5729
00001 5779
10000 5862
00001 6112
00010 6313
10000 6712
00001 7245
10000 7496
01000 7978
00001 8263
10000 8296
10000 8796
00001 9013
10000 9396
00010 9529
01000 9647
00100 10047
00001 10164
00010 10263
00001 10414
00110 10882
01000 10931
00001 10964
10000 11015
00111 11467
11000 11499
00100 11947
00010 11965
10000 11997
00001 12065
01000 12081
00100 12466
00011 12483
01000 12498
10000 12547
10000 12582
00110 13015
00001 13033
01000 13048
10000 13166
00011 13568
11100 13584
00010 14099
01101 14119
10000 14248
00010 14632
00100 14648
01001 14667
10000 14833
00010 15283
01101 15302
10000 15450
00010 16116
00100 16133
00001 16183
10000 16267
10000 16466
00010 16935
00001 16950
10000 17518
00010 17818
01000 17985
10000 18468
01000 18617
10000 18684
11000 19136
01000 19651
01000 19733
01000 19819
01000 19902
01000 19986
01000 20069
01000 20169
11000 20320
