358
10000 3865
01000 4249
00100 4632
01100 5016
01000 5416
10000 5816
00100 6232
00010 6598
10000 6616
01000 7049
10000 7399
00010 7766
00100 8199
10000 8232
01000 8666
10000 9050
00100 9449
01000 9900
10000 10349
10000 11133
01000 11966
10000 12367
01000 13317
00100 13650
11000 13684
10000 15917
01000 16001
00100 16084
01000 16334
10000 17150
01000 17550
00100 17934
00100 18367
01000 18384
01000 18801
10000 19235
00100 19618
10010 20036
01000 20518
10000 20885
00010 21285
10100 21768
01000 22168
10000 22534
00010 23002
01000 23453
10000 23852
10000 24602
01000 25485
10000 25886
11000 26869
01000 27168
00100 27202
10000 29753
10000 30587
01000 30936
00100 31369
00010 31753
10000 31770
00100 32203
01000 32603
00010 33020
00100 33437
00100 33820
01000 33904
10000 34220
00100 34637
11000 35055
10000 35470
10000 36337
10100 36772
01000 37187
10000 37604
00100 38021
01000 38454
00010 38471
00100 38855
01000 39271
00010 39671
00010 40121
01000 40138
00100 40321
01100 40589
01100 41039
10000 43172
10000 44005
01000 44372
00100 44871
10010 45273
00100 45722
01000 46106
00010 46489
00100 47005
01000 47422
10000 47789
00100 48222
11000 48657
10000 49090
10000 49906
10000 50706
01000 51106
00100 51507
10000 51923
01000 52390
00100 52807
00010 53173
11000 53640
11000 54108
01000 54623
10000 54640
10000 57674
01000 58057
00100 58491
01100 58909
01000 59308
10000 59658
10010 60542
01000 60942
10000 61308
00010 61641
10100 62076
01000 62475
10000 62942
00100 63374
01000 63758
10000 64224
10000 65009
01000 65875
10000 66225
01000 67277
01100 67524
01100 68126
10000 70893
01000 71276
00100 71627
01100 72061
01000 72427
10000 72860
00100 73243
00010 73710
10000 73727
01000 74144
10000 74510
00010 74877
10100 75311
01000 75743
10000 76160
00100 76561
01000 77011
10000 77461
10000 78228
01000 79128
10000 79477
01000 80562
01000 80794
00100 80809
10000 83361
10000 84145
01000 84545
00100 84979
10010 85396
00100 85844
01000 86279
00010 86695
00100 87145
01000 87562
10000 87963
00100 88345
11000 88814
10000 89213
10000 90029
00100 90480
10000 90496
01000 91013
10000 91396
00100 91796
01010 92131
00100 92479
01000 92862
00010 93263
00010 93847
01000 93864
00100 94080
00100 94263
01000 94430
00100 94448
00100 94730
01000 94747
01000 95247
01000 95330
01000 95413
01000 95496
01000 95597
10000 96881
10000 97680
01000 98097
00100 98464
10010 98882
00100 99298
01000 99731
00010 100081
00100 100515
01100 100965
10000 101348
00100 101816
11000 102215
10000 102615
10000 103482
01000 104250
10000 104632
00100 105115
10000 105564
00100 105582
01000 105965
10000 106415
00100 106831
11000 107317
11000 107716
01000 108215
10000 108249
10000 111348
01000 111766
00100 112116
01100 112517
01000 112933
10000 113317
00100 113716
10010 114151
01000 114700
10000 114984
00100 115400
10000 115766
00100 115800
01000 116284
10000 116667
00100 117117
01000 117452
10000 117884
10000 118684
01000 119534
10000 119851
01000 120902
01000 121135
00100 121150
00100 121720
01000 123468
01000 123885
10000 124569
01000 125019
00100 125385
01000 125784
00100 125835
10000 126235
01000 126452
00100 126669
00100 126884
01000 126902
10000 127118
10000 127302
01000 127819
00100 128085
00010 128302
00100 128485
01000 128669
10000 128935
10000 129419
01000 129619
00100 129819
00010 130003
01000 130236
01000 130436
10000 131153
01000 131353
00100 131553
01000 132086
10000 132302
10000 132869
01000 133069
00100 133286
01000 133637
10000 133803
01000 134621
00010 137122
01100 138005
01100 138388
01100 138555
00100 138921
01000 138937
01100 139338
01100 139855
10000 140088
10000 140654
10000 141470
10000 142271
01000 142655
01000 143056
10000 143372
10000 143589
10000 143906
10000 144205
01100 144339
01000 144655
01000 144805
10000 144822
11000 144973
11000 145439
11000 146173
01100 146956
10000 147389
11000 147789
10000 148622
10000 149389
10000 150256
10000 150588
10000 150989
10000 151156
10000 151323
10000 151639
10000 152356
10000 153156
10000 153890
10000 154806
10000 155140
10000 155507
10000 155656
10000 155824
10000 156190
10000 156507
10000 156639
10000 156990
10000 157157
10000 157340
10000 157724
10000 158107
10000 158557
10000 159274
10000 159874
10000 160157
10000 160891
10000 161641
10000 162475
10000 162791
01000 163174
01000 163275
00100 163540
00010 163892
10000 164657
10000 166524
01000 166942
00010 167359
00001 167675
10000 167942
00010 168391
00100 168742
00100 169258
00010 171709
10000 171743
01000 172242
