4294966950,1002,2084
00100 539
00200 571
00200 590
00200 593
00200 605
01200 638
02200 657
02200 659
02200 671
12200 705
22200 724
22200 728
22200 738
22000 771
20000 790
20000 795
00100 858
00200 861
00200 872
00200 906
00200 925
00200 929
01200 940
12200 974
22200 991
22000 996
22000 1005
22000 1039
02000 1058
02000 1063
00100 1125
00200 1130
00200 1139
00200 1172
00200 1191
10200 1198
20200 1205
20000 1241
20000 1258
20000 1265
20000 1273
00100 1342
00200 1376
00200 1390
00200 1393
00200 1409
01200 1442
12200 1457
22200 1459
22000 1475
22000 1508
02000 1524
02000 1526
02000 1541
00100 1590
00200 1592
00200 1608
00200 1641
00200 1657
00200 1659
00200 1673
10200 1706
20000 1723
20000 1725
21000 1738
02000 1772
02000 1790
02000 1793
01000 1972
02000 1992
02000 1995
02000 2006
02000 2039
02000 2058
01000 2125
02000 2129
02000 2139
02000 2172
02000 2191
02000 2195
02000 2205
10000 2307
20000 2325
20000 2330
20000 2340
20000 2373
20000 2390
10000 2463
20000 2472
20000 2505
20000 2523
20000 2528
20000 2538
21000 2571
22000 2590
02000 2596
02000 2605
02000 2639
02000 2657
02000 2661
02000 2672
02000 2707
00100 2773
00200 2790
00200 2799
00200 2806
00200 2840
00200 2858
00200 2866
00200 2874
00100 2976
00200 2991
00200 2993
00200 3007
00200 3040
00200 3058
00200 3060
00200 3074
01200 3106
02000 3124
02000 3126
02000 3139
02000 3172
02000 0
02000 5
02000 14
00100 115
00200 133
00200 137
00200 148
00200 181
00200 199
00200 205
00200 214
10000 333
20000 337
20000 347
01000 407
02000 414
02000 447
02000 466
02000 470
02000 481
02000 514
00001 867
00002 871
00002 881
00002 915
00002 933
00002 936
00002 948
00001 1016
00002 1048
00002 1067
00002 1070
00002 1082
00010 1248
00021 1267
00022 1270
00022 1281
00020 1314
00010 1614
00020 1648
00020 1667
00020 1669
00020 1681
00020 1715
00020 1734
00020 1737
00020 1749
10020 1782
21020 1800
22020 1802
22020 1815
22000 1848
22000 1867
02000 1872
02000 1881
00100 1949
00200 1982
00200 2000
00200 2004
00200 2014
00200 2048
00200 2067
00200 2070
10000 2114
20000 2134
20000 2138
20000 2148
00100 2248
00200 2266
00200 2272
00200 2282
00200 2316
00200 2332
00200 2334
00200 2349
10000 2399
20000 2401
20000 2415
20000 2448
20000 2466
20000 2467
00100 2599
00200 2601
00200 2614
00200 2647
00200 2667
00200 2670
00200 2682
00200 2715
00200 2734
00200 2738
01000 2814
02000 2848
02000 2867
02000 2871
02000 2881
02000 2914
10000 3134
20000 3139
20000 3148
20000 0
20000 18
20000 23
20000 35
01000 266
02000 285
02000 287
02000 299
02000 332
02000 352
02000 356
02000 366
00100 425
00200 433
00200 467
00200 486
00100 800
00200 819
00200 823
00200 836
00200 868
00200 886
00200 894
00200 900
00200 936
10200 954
20200 956
21200 971
22000 1003
22000 1018
22000 1020
22000 1035
00100 1134
00200 1151
00200 1153
00200 1166
00200 1199
00200 1219
00010 1332
00020 1352
00020 1354
00020 1366
00020 1399
00020 1419
00020 1421
00010 1568
00020 1600
01020 1619
02020 1621
12020 1634
22000 1667
22000 1686
22000 1688
22000 1700
02000 1734
02000 1753
02000 1755
01000 2000
02000 2019
02000 2021
02000 2032
02000 2066
02100 2085
02200 2089
02200 2099
00200 2133
00200 2152
00200 2156
00200 2166
00200 2199
01000 2366
02000 2399
02000 2418
02000 2423
02000 2432
02000 2469
02000 2486
02000 2493
02000 2501
10000 2686
20000 2687
20000 2702
20000 2734
20000 2752
20000 2754
20000 2767
