721
00101 3566
00101 4033
00101 4532
00001 5032
00100 5049
00101 5516
00100 5981
00001 5999
00101 6466
00101 6933
00101 7416
00001 7865
00100 7882
00101 8350
00101 8800
01010 9250
01010 9717
00010 10183
01000 10200
00010 10616
01000 10633
00101 11067
00101 11534
00101 12017
00101 12434
00110 12951
00110 13384
00110 13868
00010 14250
00100 14300
10010 14818
10010 15217
10010 15668
10010 16085
00010 16584
00100 16600
00110 17085
00110 17501
00100 17684
00110 17885
11000 18185
00101 22152
00101 22469
00101 22952
00001 23351
00100 23368
01010 23835
01010 24286
01010 24786
01010 25253
00101 25669
00101 26136
00101 26570
00101 27003
00010 27468
00100 27485
00010 27919
00100 27936
00110 28404
00110 28820
10000 29353
00010 29369
10010 29737
10010 30188
10000 30586
00010 30653
00100 31286
10000 31352
00010 31386
10000 31603
00110 31620
10110 32005
10010 32404
00100 32419
11100 32671
00100 36487
00001 36504
00100 36921
00001 36937
00100 37388
00001 37421
00101 37921
01010 38388
01010 38804
01000 39287
00010 39304
01010 39788
00100 40237
00001 40255
00100 40704
00001 40721
00101 41189
00101 41622
00110 42056
00110 42505
00110 42989
00110 43456
10000 43888
00010 43905
10000 44305
00010 44322
10010 44756
10010 45223
10100 45655
00010 45672
10110 46090
10010 46540
00100 46555
10110 46990
11100 47290
10000 51256
00010 51273
10010 51824
10000 52290
00010 52307
10010 52740
10000 53189
00100 53205
10000 53673
00100 53690
01000 54106
00010 54123
10000 54556
00100 54590
01000 55073
00110 55124
01000 55490
00110 55524
01000 55974
00110 55990
01110 56375
00010 56823
00100 56840
01000 57274
00110 57291
01110 57759
00110 58192
10000 58607
00010 58624
10010 59075
10010 59525
10000 59924
00010 59941
10010 60408
10010 60876
00100 60891
00110 61358
10010 61809
00100 61824
10000 62074
01100 62109
10100 63459
10000 63658
00100 63675
10000 63858
00100 63891
10100 64059
10000 64241
00100 64275
10000 64458
00100 64491
10000 64658
00100 64691
01000 64942
01000 65142
01000 65375
00010 65392
01100 66059
00100 66225
01000 66241
01100 66426
00100 66641
01000 66658
01100 66876
01100 67142
01100 67342
01100 67560
01100 67760
01100 67960
01000 68159
00100 68176
01000 68359
00100 68392
00100 68709
00001 68725
00100 69409
00001 69426
00011 69693
00011 69927
00010 70159
00001 70176
00010 70393
00001 70409
00001 70626
00010 70643
00011 70843
00010 71043
00001 71059
00010 71243
00001 71276
00010 71476
00001 71509
11000 72177
10000 72576
00010 72592
10000 72993
00010 73010
10000 73226
00010 73243
00010 73426
10000 73460
10010 73694
10010 73910
10000 74126
00010 74143
10000 74343
00010 74360
10000 74560
00010 74576
10000 74760
00010 74777
10010 74994
01000 75626
00001 75660
01010 76044
01000 76309
00100 76327
01000 76493
00100 76509
01000 76727
00100 76743
01000 76944
00100 76977
01000 77177
00100 77194
01000 77377
00100 77410
01000 77593
00100 77610
01100 77829
01000 78043
00100 78077
01000 78277
00100 78294
00101 79162
00001 79528
00001 79844
00010 80027
00001 80061
00011 80261
00010 80461
00001 80477
00001 80677
00010 80694
00010 80893
00001 80911
00010 81111
00001 81127
00010 81328
00001 81345
00011 81562
00010 81744
00001 81761
00010 81961
00001 81978
11000 82629
10010 83029
00100 86912
00001 86929
00100 87395
00001 87412
00101 87847
00100 88261
00001 88279
00101 88729
00101 89163
00101 89630
00100 90078
00001 90096
00101 90564
00100 91012
00001 91029
00101 91480
00101 91914
00101 92380
00101 92830
00100 93263
00001 93279
00100 93713
00001 93746
00101 94198
00100 94629
00001 94647
00100 95096
00001 95113
00101 95547
01000 95980
00010 95997
01000 96429
00010 96464
01000 96897
00010 96914
01010 97348
00101 97830
00101 98298
00101 98748
00101 99182
00100 99630
00010 99647
00110 100098
00110 100549
00100 100914
00010 100981
10000 101464
00010 101481
10000 101897
00010 101914
10010 102349
10010 102782
10000 103264
00110 103282
10000 103698
00110 103715
10000 104131
00110 104165
10000 104598
00110 104616
11100 104883
00101 108933
00101 109217
00101 109616
00100 110033
00001 110049
01000 110483
00010 110499
01000 110983
00010 110999
01010 111434
01000 111866
00010 111882
00100 112283
00001 112299
00101 112750
00001 113199
00100 113216
00100 113633
00001 113683
00110 114101
00110 114584
00100 115000
00010 115017
00100 115433
00010 115466
10010 115934
10000 116349
00010 116368
10000 116800
00010 116817
10010 117268
10010 117735
00100 117750
10000 118167
00110 118185
10000 118617
00110 118652
10110 119053
10100 119318
01000 119332
10000 123535
00010 123553
10000 123784
00010 123801
10000 124117
00010 124136
10000 124551
00010 124568
10000 124968
00100 124985
10100 125436
10100 125902
10100 126318
01000 126835
00110 126852
01110 127220
01110 127687
01000 128102
00110 128120
00110 128536
01000 129002
00110 129020
01110 129470
01000 129902
00110 129920
10010 130386
10010 130820
10010 131286
10000 131701
00010 131736
10110 132154
10000 132620
00110 132637
10010 133070
00100 133085
10000 133486
00110 133504
11100 133821
01000 137469
00100 137487
01000 137670
00100 137704
01000 137903
00100 137920
01100 138121
01100 138338
01000 138536
00100 138554
01100 138771
01100 138988
01100 139204
01000 139404
00100 139420
01100 139604
00101 140322
00100 140737
00010 140754
00010 140954
00001 140971
00011 141171
00011 141388
00011 141605
00011 141822
00011 142038
00011 142272
00001 142471
00010 142488
00001 142704
00010 142721
00010 142904
00001 142938
00001 143121
00010 143138
10000 143787
01000 143821
00011 144256
00001 144455
00010 144471
00001 144705
00100 144721
10000 145322
00100 145355
10000 145522
00100 145538
10000 145755
00100 145772
10000 145972
00100 145988
10100 146205
10100 146406
10100 146623
01001 147322
01100 147756
01100 147956
01100 148173
01100 148390
01100 148623
01100 148822
01100 149056
01100 149289
01000 149472
00100 149488
01100 149706
01000 149889
00100 149922
01100 150139
00100 150322
01000 150360
00101 150790
00010 151221
00001 151239
00001 151456
00010 151656
00001 151671
00001 151873
00010 151889
00010 152089
00001 152106
00001 152323
00010 152339
00010 152522
00001 152540
00010 152756
00001 152772
00011 152974
00011 153190
00010 153390
00001 153406
00011 153590
11000 154190
10000 154690
00010 154706
10100 154923
10100 155124
10100 155341
10100 155557
10100 155791
00100 155991
10000 156007
10000 156206
00100 156223
00100 156440
10000 156457
10100 156674
10100 156874
10000 157073
00100 157090
01010 157708
01100 158124
01000 158357
00100 158390
01000 158574
00100 158589
01100 158808
01100 159041
01100 159258
01100 159458
01100 159677
00100 159891
01000 159908
01100 160108
01100 160308
01100 160508
00101 161108
00011 161592
00010 161807
00001 161824
00010 162027
00001 162041
00010 162257
00001 162274
00010 162491
00001 162508
00001 162724
00010 162741
00011 162958
00010 163157
00001 163174
00011 163392
00001 163591
00010 163608
00010 163808
00001 163824
00010 163991
00001 164024
10000 164608
01000 164624
10000 165041
00010 165058
10000 165274
00100 165291
10100 165476
10100 165743
10100 165942
10100 166158
10100 166393
10100 166626
00100 166825
10000 166841
00100 167042
10000 167058
10100 167226
10000 167425
00100 167442
01010 167996
01000 168491
00100 168508
01100 168742
01000 168941
00100 168958
01100 169160
01000 169375
00100 169392
00100 169626
01000 169642
01100 169843
01100 170043
01000 170242
00100 170258
01000 170458
00100 170492
01100 170676
01100 170894
00101 171510
00001 171909
00010 171925
00010 172142
00001 172159
00010 172343
00001 172376
00001 172592
00010 172609
00011 172826
00011 173043
00011 173243
00011 173477
00011 173710
00011 173910
00011 174110
00010 174309
00001 174326
11000 174894
10100 175410
10000 175610
00100 175626
10000 175843
01000 175876
11000 176060
01000 176276
10000 176292
11000 176510
01000 176727
10000 176743
11000 176961
10100 177161
10100 177361
00100 177576
10000 177594
10100 177794
10100 177977
10000 178246
00100 178510
01000 178560
00010 179093
00001 179109
00010 179294
00001 179310
00011 179528
00010 179727
00001 179744
00010 179944
00001 179961
00011 180161
00011 180394
00001 180593
00010 180611
00010 180810
00001 180827
00011 181012
00010 181210
00001 181227
00011 181428
00001 181693
00010 181893
00001 181911
00001 182311
00010 182544
00001 182561
00110 182778
00100 182978
00010 182994
00100 183211
00010 183227
00110 183445
00110 183662
00100 183878
00010 183895
00100 184094
00010 184111
00010 184295
00100 184311
00010 184528
00100 184544
00100 184728
00010 184761
00100 184911
00010 184928
00100 185111
00010 185128
10000 185963
01000 185994
11000 186179
11000 186412
11000 186629
11000 186846
11000 187062
10000 187261
01000 187278
11000 187496
10000 187695
01000 187712
11000 187929
11000 188146
10000 188345
01000 188362
01000 188578
10000 188595
10000 189378
00010 189395
10000 189578
00010 189595
10010 189830
10010 190046
10010 190296
10010 190515
10010 190730
00010 190945
10000 190979
10010 191163
00010 191446
10000 191462
10000 191661
00010 191678
10010 191880
10010 192096
00101 192913
00100 193112
00001 193129
00001 193346
00100 193362
00101 193547
00001 193762
00100 193779
