611
11000 3967
11000 4300
11000 4699
00100 5682
01000 5699
01100 6133
01000 6600
00100 6617
11000 7534
11000 7983
01000 8449
10000 8466
01000 9383
00010 9400
01010 9801
01010 10301
01000 11233
10000 11249
11000 11635
11000 12118
01100 13069
01100 13452
01100 13934
01010 14852
01010 15301
01010 15769
11000 16720
11000 17135
01000 17568
10000 17583
01010 18319
11000 22287
11000 22670
10000 23952
00100 23969
10000 24385
00100 24401
11000 25804
10000 26220
01000 26236
11000 26686
10000 27603
00100 27619
10000 28037
00100 28052
10100 28503
01010 29455
01010 29870
01010 30321
01010 30771
10000 31253
01000 31287
10000 31704
01000 31721
11000 32154
01010 32822
11000 36806
10000 37188
01000 37205
10000 37670
01000 37687
01000 38604
00100 38638
01000 39038
00100 39055
01100 39489
10000 40438
00010 40454
10000 40788
00100 40822
10100 41239
11000 42240
10100 42623
10100 43105
10000 44022
01000 44039
11000 44422
10000 44855
01000 44873
10000 45789
00100 45806
10100 46207
10100 46674
10000 47156
00100 47173
10010 47407
11000 51524
11000 51958
11000 52425
10000 53307
00100 53323
10100 53775
10100 54241
10000 55173
01000 55190
10000 55591
01000 55607
11000 56042
10000 56941
00100 56957
10100 57392
10100 57842
11000 58776
11000 59175
11000 59642
10000 60542
00100 60558
10100 60975
10100 61442
10100 61909
10010 62176
11000 66093
11000 66327
10000 66542
01000 66559
10000 66776
01000 66793
10000 66992
01000 67009
11000 67243
11000 67461
11000 67694
10000 67892
01000 67909
10000 68093
01000 68126
10000 68309
01000 68326
11000 68543
00100 68826
01000 68843
01010 69461
01000 69643
00010 69660
01000 69860
00010 69876
01010 70078
01000 70276
00010 70293
01010 70527
01000 70726
00010 70743
01000 70926
00010 70960
01010 71177
01000 71360
00010 71393
01010 71611
10000 72893
01000 72910
11000 73111
11000 73361
10000 73560
01000 73594
10000 73810
01000 73827
10000 74027
01000 74043
11000 74261
10000 74460
01000 74477
10000 74677
01000 74694
10000 74877
01000 74894
11000 75111
01000 75328
00100 75344
01010 75828
01100 76395
01000 76611
00100 76627
01100 76878
01100 77095
01000 77310
00100 77327
01100 77545
01000 77761
00100 77778
01000 77978
00100 77994
01000 78194
00100 78211
01100 78395
01100 78628
01000 79328
00010 79345
10000 79928
01000 79945
10000 80145
01000 80161
10000 80395
01000 80411
10000 80595
01000 80611
11000 80829
10000 81028
01000 81062
11000 81263
11000 81462
11000 81679
11000 81879
11000 82095
01000 82745
00100 82779
10000 83896
10000 87078
01000 87096
10000 87478
01000 87496
10000 87946
01000 87963
10000 88880
00100 88896
10000 89313
00100 89329
10100 89764
11000 90714
10000 91113
01000 91129
11000 91581
10100 92548
10100 92931
10100 93381
10000 94280
01000 94297
10000 94714
01000 94747
11000 95197
10000 96145
00100 96197
10100 96549
10100 97000
11000 97948
11000 98365
10000 98815
01000 98831
10100 99765
10100 100182
10000 100648
00100 100665
01000 101615
00100 101632
01100 101999
01100 102452
11000 103400
11000 103799
11000 104250
10000 104698
00100 104715
10010 105050
10000 108933
01000 108949
11000 109267
10000 109683
01000 109700
00100 110600
01000 110617
01000 111050
00100 111066
01100 111534
10100 112434
10000 112850
00100 112867
10100 113317
10010 114218
10010 114651
10010 115101
01000 116017
00010 116034
01010 116451
01010 116902
00100 117834
00010 117850
00110 118269
00110 118735
10100 119435
11000 122869
11000 123452
11000 123786
10100 125086
10000 125536
00100 125552
00100 126002
10000 126019
01100 126919
01000 127336
00100 127352
01100 127803
01010 128687
01010 129137
01000 129569
00010 129586
00100 130469
00010 130487
00010 130920
00100 130937
00110 131404
10000 132287
01000 132303
11000 132721
11000 133171
10000 133603
00100 133620
10010 133838
11000 137972
11000 138222
11000 138438
01000 138654
10000 138671
11000 138890
01000 139104
10000 139121
11000 139305
01000 139488
11000 139722
11000 139938
11000 140172
11000 140372
10000 141054
00100 141088
10000 141254
00100 141288
10100 141506
10000 141705
00100 141721
10000 141922
00100 141938
00100 142155
10000 142171
10100 142405
10000 142605
00100 142621
10000 142822
00100 142838
10000 143022
00100 143038
10000 143221
00100 143238
10000 144555
00010 144589
10010 144756
10000 145005
00010 145022
10000 145222
00010 145238
10000 145455
00010 145472
10000 145656
00010 145672
10010 145906
10000 146089
00010 146122
10010 146323
10000 146505
00010 146555
10000 146722
00010 146755
10000 146955
00010 146972
10010 147190
01000 147422
00100 147439
10000 148072
01000 148089
11000 148290
11000 148523
11000 148742
11000 148957
11000 149157
11000 149390
11000 149607
10000 149806
01000 149822
11000 150023
11000 150241
10100 150807
01010 151574
01010 151774
01010 152007
01010 152207
01000 152422
00010 152442
01010 152657
01010 152874
01000 153073
00010 153106
01000 153290
00010 153306
01000 153507
00010 153525
01010 153727
01000 153923
00010 153940
10000 154406
01000 154424
10100 155025
10000 155224
00100 155240
10100 155458
10000 155640
00100 155657
10000 155874
00100 155907
10100 156107
10100 156342
10000 156540
00100 156559
10100 156758
10100 156975
10100 157191
10000 157391
00100 157407
01100 157875
01010 158475
01000 158691
00010 158708
01010 158908
01010 159142
01010 159359
01010 159574
01000 159791
00010 159808
01000 160008
00010 160024
01010 160225
01000 160425
00010 160458
01010 160659
01000 160857
00010 160875
10000 161291
01000 161325
10000 161891
00100 161925
10000 162124
00100 162158
10100 162375
10100 162593
10000 162808
00100 162826
10000 163025
00100 163041
10000 163241
00100 163260
10000 163458
00100 163475
10000 163675
00100 163692
10000 163876
00100 163892
10100 164109
10100 164309
10000 164742
00010 164775
01000 165394
00010 165458
01000 165642
00001 165659
01001 165861
01001 166076
01001 166293
01001 166510
01000 166709
00001 166725
01001 166943
01001 167143
01000 167358
00001 167376
01000 167576
00001 167608
10000 168826
00100 168842
10000 169043
00100 169059
10100 169293
10100 169493
10100 169711
10000 169909
00100 169943
10100 170127
10000 170342
00100 170359
10000 170560
00100 170576
10000 170742
00100 170760
10000 170960
00100 170976
01100 171627
01010 172277
01010 172512
01010 172727
01010 172929
01000 173126
00010 173142
01010 173346
01000 173577
00010 173593
01000 173793
00010 173810
01000 174010
00010 174026
01000 174227
00010 174244
01000 174443
00010 174460
01000 174629
00010 174660
01000 174860
00010 174894
10000 175110
10000 175728
00100 175743
10000 175926
00100 175977
10000 176177
00100 176194
10000 176394
00100 176412
10000 176627
00100 176644
10100 176861
10100 177064
10000 177261
00100 177277
10000 177477
00100 177494
10100 177695
10100 177895
10100 178094
11000 178578
10000 179194
00100 179211
10000 179411
00100 179428
10100 179645
10100 179845
10100 180064
10000 180278
00100 180294
00100 180494
10000 180511
10000 180710
00100 180728
10100 180945
10100 181162
10100 181362
10000 181562
00100 181578
11000 182062
10010 182645
10010 182846
10000 183078
00010 183094
10000 183294
00010 183312
10010 183531
10000 183745
00010 183761
10000 183945
00010 183961
10000 184161
00010 184178
10000 184362
00010 184395
10000 184578
00010 184612
10000 184812
00010 184828
10000 185012
00010 185045
11000 185513
10100 186063
10000 186278
00100 186295
10000 186529
00100 186545
10000 186745
00100 186762
10000 186962
00100 186978
10000 187162
00100 187179
10100 187397
10100 187613
10100 187830
10100 188029
10000 188245
00100 188263
10000 188445
00100 188465
10000 188878
10000 189513
00010 189529
10000 189712
00010 189729
10000 189946
00010 189962
10010 190181
10010 190412
10000 190612
00010 190629
00010 190830
10000 190846
10010 191047
10000 191280
00010 191296
10000 191479
00010 191496
10010 191697
