260
10000 5615
10000 6082
10000 7448
10000 7915
01000 9283
01000 9766
10000 11133
10000 11549
01000 12950
01000 13383
10000 14750
10000 15184
01000 16550
01000 17017
00010 18184
10000 22151
10000 22567
01000 23885
01000 24301
10000 25702
10000 26102
01000 27535
01000 27935
10000 29303
10000 29719
01000 31119
01000 31536
01000 32503
00100 32786
10000 36820
10000 37187
01000 38470
01000 38887
10000 40321
10000 40737
01000 42105
01000 42520
10000 43905
10000 44338
01000 45706
01000 46121
10000 47055
01000 47306
10000 51406
10000 51873
01000 53222
01000 53673
10000 55073
10000 55473
01000 56840
01000 57274
10000 58641
10000 59074
01000 60474
01000 60891
10000 61857
00100 62108
01000 64025
10000 64041
11000 64926
10000 65791
10000 66709
10000 67575
11000 69360
11000 70227
11000 71110
01100 72844
00100 73742
01000 73760
01100 74611
01100 75478
11000 76344
11000 77228
11000 78078
11000 78944
10100 79862
10100 80711
10100 81579
10100 82429
10000 86979
10000 87395
01000 88795
01000 89212
10000 90612
10000 91029
01000 92396
01000 92829
10000 94230
10000 94614
01000 95997
01000 96447
10000 97846
10000 98263
01000 99647
01000 100063
10000 101481
10000 101899
01000 103248
01000 103647
10000 104633
00100 104864
10000 108965
10000 109232
01000 110549
01000 110966
10000 112299
10000 112716
01000 114100
01000 114533
10000 115916
10000 116350
01000 117717
01000 118117
10000 119067
00100 119301
10000 123351
10000 123699
01000 125001
01000 125435
10000 126818
10000 127218
01000 128619
01000 129035
10000 130386
10000 130803
01000 132152
01000 132619
10000 133520
00100 133753
11000 137504
11000 137937
11000 139188
11000 139672
11000 140955
11000 141405
11000 141838
11000 142339
01000 142754
10000 142771
11000 143172
01100 144888
01100 145372
01100 145806
01100 146222
00100 146687
01000 146704
11000 147990
11000 148423
01000 148839
10000 148855
01000 149288
10000 149305
11000 149725
11000 150173
01100 151457
01100 151907
01100 152356
01100 152774
01100 153240
01100 153656
01100 154124
10000 154923
01000 154940
11000 155357
11000 155807
10000 156223
01000 156240
11000 156690
10000 157107
01000 157123
01100 158391
01100 158825
01100 159257
01100 159725
01100 160141
01100 160575
01000 161807
10000 161824
11000 162294
11000 162742
11000 163158
10000 163591
01000 163608
10000 164040
01000 164058
01100 164841
01000 165308
00100 165324
01100 165759
01000 166175
00100 166191
01100 166609
01100 167059
01100 167492
11000 168759
10000 169209
01000 169225
11000 169627
11000 170060
11000 170462
11000 170926
00100 172209
01000 172226
01000 172626
00100 172642
01000 173059
00100 173076
01100 173510
01100 173944
01000 174359
00100 174377
01000 174793
00100 174809
01000 175243
00100 175260
01010 175678
01010 176111
01010 176561
01010 176977
00010 177376
01000 177393
00010 177810
01000 177827
01010 178277
11000 179111
11000 179562
11000 179995
10000 180393
01000 180410
10000 180827
01000 180844
10000 181260
01000 181277
11000 183512
11000 183879
01000 184261
10000 184278
11000 184695
11000 185146
00100 186012
01000 186028
01100 186462
01100 186879
01100 187296
01100 187729
01100 188163
00100 188578
01000 188595
10100 189463
10100 189880
10000 190311
00100 190328
10100 190746
10100 191180
10100 191630
10100 192062
10000 192912
01000 192929
11000 193329
11000 193764
