140
10000 701
01000 939
00100 972
00100 1457
01000 1538
10000 1589
00100 1739
00010 1855
01000 1890
00001 1923
10000 1938
00100 2073
01001 2240
00010 2273
10000 2389
00100 2424
00001 2540
00010 2555
01000 2573
10000 2656
00100 2742
00001 2874
01010 2924
00100 3041
10000 3105
00001 3156
00010 3189
01100 3341
00001 3423
10000 3492
00010 3540
00100 3674
00001 3807
00010 3857
01000 3907
10000 3991
00100 4007
00010 4174
01000 4274
10000 4307
00001 4391
00010 4507
00100 4542
11000 4692
00001 4725
00010 4758
00100 4908
00001 5858
00010 6292
01000 6743
00010 7143
01000 7308
00010 7475
01000 7641
00001 8126
10000 8343
00001 9659
00001 10161
00001 10243
00001 10327
00001 10411
01000 10426
00010 10642
01000 10794
00010 11026
10000 11627
01000 11660
00010 11726
10000 12161
00100 12327
01000 12478
00010 12928
00001 13346
10000 13679
00010 13845
01000 14029
00010 14262
00001 14696
00100 14912
00100 15412
00100 15495
00100 15596
00100 15679
00100 15762
00100 15846
00100 15946
00100 16029
00010 16097
00010 16596
00010 16678
00010 16780
01000 16846
00001 17064
01000 17262
00010 17446
10000 17947
00001 18147
00001 18647
01000 18732
00010 18864
00100 19047
00001 19332
00010 19715
01000 20182
00010 20331
01000 20515
00001 20748
00010 21199
10000 21398
10000 21899
10000 21981
10000 22065
00100 22131
00100 22633
00100 22733
01000 22782
00010 22933
01000 23116
00001 23516
00001 23750
00100 23934
00010 24433
01000 24632
01000 25133
00100 25184
10000 25368
00100 25501
10000 25666
00010 26034
01000 26201
00001 26367
00100 26518
00001 26667
00100 26801
00010 26934
01000 27068
00100 27235
10000 27368
00100 27552
10000 27687
