82
10000 4115
01000 4333
00100 4549
00010 4896
10000 5812
01000 6182
00100 6583
00010 7516
00001 8298
10000 8366
10000 9083
01000 9299
00100 9500
10000 9917
01000 10131
00100 10317
10000 10667
01000 10880
00100 11083
10000 11396
01000 11647
00100 11851
01000 12103
10000 12301
01000 12502
00100 12730
01000 12952
10000 13200
01000 13368
00100 13568
01000 13797
10000 14019
01000 14181
00100 14431
01000 14668
10000 14866
01000 15068
00100 15248
01000 15468
10000 15648
00001 18885
00010 19653
00100 21252
10000 21484
00010 21703
01000 22382
00001 23002
10000 24719
00100 29303
01000 29816
10000 30153
01000 30466
00100 30903
00010 31400
00001 32419
10000 33837
01000 34185
11000 35739
00010 37501
00100 37520
01000 38436
00100 38456
11000 39190
00011 40773
00110 42440
00100 44689
01000 44957
10000 45240
01000 45656
00100 45789
00010 46473
00001 46957
00010 47272
00100 47807
01000 49256
00100 49274
01000 49820
10000 50723
01000 51306
00100 51507
00010 51774
00001 52124
